0,354
524,35
503,158
503,157
503,156
503,155
503,154
503,153
503,152
503,151
503,150
503,149
503,148
503,147
503,146
503,145
503,144
503,143
503,142
503,141
503,140
503,139
503,138
503,137
503,136
503,135
503,134
503,133
503,132
503,131
503,130
503,129
503,128
503,127
503,126
503,125
503,124
503,123
503,122
503,121
503,120
503,119
503,118
503,117
503,116
503,115
503,114
503,113
503,112
503,111
503,110
503,109
503,108
503,107
503,106
503,105
503,104
503,103
503,102
503,101
503,100
503,99
503,98
503,97
503,96
503,95
503,94
503,93
503,92
503,91
503,90
503,89
503,88
503,87
503,86
503,85
503,84
503,83
503,82
503,81
503,80
503,79
503,78
503,77
503,76
503,75
503,74
503,73
503,72
503,71
503,70
503,69
503,68
503,67
503,66
503,65
503,64
503,36
503,35
503,34
503,33
503,32
503,31
18,1
503,30
503,29
503,28
503,27
503,26
503,25
503,24
503,23
503,22
503,21
503,20
503,19
503,18
503,17
503,16
503,15
18,3
503,14
503,13
503,12
503,11
503,10
503,9
503,8
503,7
14,1
503,6
503,5
503,4
503,3
14,27
503,2
503,1
14,3
503,0
502,4
502,3
13,1
13,4
502,2
13,3
502,1
502,0
501,6
501,5
501,1
501,4
2,2
501,3
2,1
194,8
194,1
2,3
194,7
0,571
0,0
524,34
524,33
524,32
524,31
524,30
524,29
524,28
524,27
524,26
524,25
524,24
524,23
524,22
524,21
524,20
524,19
524,18
524,17
524,16
524,15
524,14
524,13
524,12
524,11
524,10
524,9
524,8
524,7
524,6
524,5
524,4
524,3
524,2
524,0
0,438
0,437
0,543
0,519
0,531
0,552
0,568
0,551
0,535
0,572
0,550
0,276
0,574
0,554
0,553
0,275
0,272
0,271
0,532
0,12
0,316
0,10
0,530
0,8
0,529
0,436
0,268
0,286
0,472
0,267
0,458
0,435
0,266
0,525
0,434
0,265
0,347
0,433
0,264
0,444
0,432
0,263
0,351
0,469
0,262
0,333
0,431
0,261
0,557
0,430
0,260
0,346
0,427
0,259
0,468
0,462
0,258
0,467
0,380
0,257
0,493
0,489
0,256
0,500
0,466
